((("memo" .
	 [2 0 0 0])
	("count" .
	 [5 0 0 0 0])
	("Str2" .
	 [2 0 0 0])
	("Str" .
	 [1 0 0])
	("getStr" .
	 [0 0 1 3 0 0])
	("answers" .
	 [1 0 1 0 2 0 0])
	("compMyStr" .
	 [2 0 0 0 0 0 1 0 0])
	("unsigned" .
	 [0 0 0 0 0 0 1 0])
	("str2" .
	 [8 0 0 0])
	("myString" .
	 [7 0 1 0 0 0 0 0])
	("order" .
	 [5 0 0 0 0])
	("swapVec" .
	 [1 0 0 0 0 0 0])
	("find" .
	 [1 0 0 0])
	("i" .
	 [1])
	("vec" .
	 [9 0 0])
	("vector" .
	 [4 0 0 1 0 0])
	("min" .
	 [2 0 0])
	("binBuffer" .
	 [3 0 0 0 2 2 0 0 0])
	("printbin" .
	 [3 0 0 0 1 0 0 0])
	("cmath" .
	 [1 0 0 0 0])
	("pow" .
	 [2 0 0])
	("flag" .
	 [4 0 0 0])
	("binShift" .
	 [0 0 0 1 2 2 2 1])
	("NULL" .
	 [1 0 0 0])
	("strtol" .
	 [1 0 0 0 0 0])
	("binOriginal" .
	 [2 0 0 0 2 0 2 0 0 0 0])
	("bin" .
	 [1 0 0])
	("b" .
	 [3])
	("MAX_LEN" .
	 [2 0 0 0 0 0 0])
	("size" .
	 [13 0 0 0])
	("Leng" .
	 [10 0 0 0])
	("str" .
	 [33 0 0])
	("message" .
	 [1 0 0 0 0 0 0])
	("string" .
	 [17 0 0 0 0 1])
	("debug" .
	 [2 0 0 0 0])
	("MAP" .
	 [8 0 0])
	("output" .
	 [2 0 0 0 0 0])
	("recMap" .
	 [2 0 0 0 0 0])
	("buf" .
	 [53 0 0])
	("copyMap" .
	 [5 0 0 0 0 0 0])
	("buffer" .
	 [1 0 0 0 0 0])
	("return" .
	 [0 0 0 0 1 1])
	("restSearch" .
	 [1 0 0 0 0 0 0 0 0 0])
	("dfs" .
	 [8 0 0])
	("rest" .
	 [11 0 0 0])
	("fillMap" .
	 [2 0 0 0 1 0 0])
	("MAX_W" .
	 [2 0 0 0 0])
	("MAX_H" .
	 [1 0 0 1 0])
	("continue" .
	 [0 0 0 0 0 2 0 0])
	("MAX_N" .
	 [5 0 6 2 0])
	("define" .
	 [6 0 0 0 1 0])
	("series" .
	 [2 0 0 3 1 0])
	("Type" .
	 [1 0 0 0])
	("scanf" .
	 [1 0 0 0 0])
	("par" .
	 [1 0 0])
	("cout" .
	 [26 0 0 0])
	("endl" .
	 [34 0 0 0])
	("cin" .
	 [19 0 0])
	("iostream" .
	 [0 0 0 1 0 0 0 0])
	("include" .
	 [2 0 0 0 1 2 0])
	("csharp-mode" .
	 [0 0 0 0 0 0 1 0 0 0 0])
	("require" .
	 [0 0 0 0 2 0 0])
	("System" .
	 [0 0 1 1 0 0])
	("class" .
	 [0 0 0 4 0])
	("PrintTest" .
	 [0 0 0 0 1 0 0 0 0])
	("namespace" .
	 [0 0 0 1 0 1 0 0 0])
	("private" .
	 [0 0 0 0 1 0 0])
	("Hoge" .
	 [1 0 0 0])
	("double" .
	 [0 0 0 0 1 0])
	("using" .
	 [0 0 1 1 0])
	("pair" .
	 [3 0 0 0])
	("solve" .
	 [9 0 0 0 0])
	("dist" .
	 [2 0 0 0])
	("queue" .
	 [3 0 0 0 0])
	("search" .
	 [6 0 0 0 0 0])
	("first" .
	 [3 0 0 0 0])
	("REP" .
	 [56 0 0])
	("push" .
	 [2 0 0 0])
	("front" .
	 [6 0 0 0 0])
	("second" .
	 [2 0 0 0 0 0])
	("a" .
	 [1])
	("ans" .
	 [29 0 0])
	("list" .
	 [7 0 0 1])
	("sum" .
	 [2 0 0])
	("map" .
	 [31 0 0])
	("int" .
	 [0 0 1])
	("unite" .
	 [1 0 0 0 0])
	("friends" .
	 [8 0 0 0 0 0 0])
	("true" .
	 [0 0 0 1])
	("Case" .
	 [3 0 0 0])
	("friendsNum" .
	 [1 0 0 0 0 0 0 0 0 0])
	("cont" .
	 [8 0 0 0])
	("friendsSearch" .
	 [1 0 0 0 0 0 0 0 0 0 0 0 0])
	("FOR" .
	 [8 0 0])
	("disk" .
	 [13 0 0 0])
	("init" .
	 [3 0 0 0])
	("swap" .
	 [4 0 0 0])
	("tmp" .
	 [14 0 0])
	("card" .
	 [12 0 0 0])
	("swap5" .
	 [1 0 0 0 0])
	("pop" .
	 [1 0 0])
	("swapQ" .
	 [1 0 0 0 0])
	("amida" .
	 [11 0 0 0 0])
	("getline" .
	 [2 0 0 0 0 0 0])
	("goal" .
	 [12 0 0 0])
	("fib" .
	 [13 0 0])
	("MAX_FIB" .
	 [0 0 3 0 0 0 0])
	("index" .
	 [5 0 0 0 0])))
